Primary target: NGC 7790
Exposure time: 60 s
Filter: B
Observation date/time: 2015-08-25 03:23:06
JD: 2457259.64104
Decimal date: 2015-08-25.14104
R.A.: 23:58:33.11
Dec.: 61:13:13.47
Airmass: 1.4930
Calibration: BDF
Apeture radius: 5 pixels
File name: 635764995654053984.fts




Star	IM	SNR	X	Y	Sky	Air	B-V	B-mag	Target estimate	Active		
110	-7.259	 297	441.573	537.918	 157	1.488	0.457	11.474	18.733	True		
112	-6.803	 224	1 296.495	176.002	 156	1.485	0.739	11.950	18.753	True		
117	-6.855	 231	421.706	227.113	 155	1.485	0.216	11.875	18.730	True		
117_1	-5.710	 104	1 038.852	693.431	 154	1.490	1.416	13.129	18.839	True		
119	-6.327	 161	1 126.952	95.342	 155	1.485	0.419	12.363	18.690	True		
121	-6.201	 150	849.734	409.748	 155	1.487	0.405	12.522	18.723	True		
122	-5.935	 117	453.709	138.566	 156	1.484	0.557	12.801	18.736	True		
124	-5.606	 98	1 029.066	319.929	 156	1.486	0.689	13.141	18.747	True		
124_1	-5.711	 101	857.773	311.990	 154	1.486	0.537	13.025	18.736	True		
125	-5.465	 85	1 080.631	214.573	 155	1.486	0.698	13.297	18.762	True		
125_1	-4.504	 41	931.852	777.216	 154	1.490	1.742	14.333	18.837	True		
126	-5.690	 102	903.774	386.839	 156	1.487	0.446	13.063	18.753	True		
126_1	-5.671	 93	826.251	477.786	 157	1.488	0.378	13.042	18.713	True		
127	-4.676	 45	923.840	258.984	 153	1.486	1.351	14.130	18.806	True		
127_1	-5.540	 85	807.383	446.069	 156	1.487	0.388	13.163	18.703	True		
127_2	-5.518	 88	1 062.725	660.603	 155	1.489	0.455	13.224	18.742	True		
128	-5.133	 64	969.539	771.385	 155	1.490	0.806	13.612	18.745	True		
128_1	-3.892	 21	795.467	350.661	 157	1.486	2.061	14.949	18.841	True		
129	-4.589	 41	549.930	622.668	 155	1.489	1.301	14.252	18.841	True		
130	-4.970	 56	922.964	232.876	 155	1.486	0.663	13.757	18.727	True		
130_1	-5.284	 67	792.405	483.065	 157	1.488	0.391	13.432	18.716	True		
131	-5.065	 60	796.996	608.388	 156	1.489	0.495	13.667	18.732	True		
131_1	-4.943	 58	947.284	892.808	 154	1.491	0.785	13.849	18.792	True		
131_2	-4.437	 38	860.423	382.698	 156	1.487	1.223	14.327	18.764	True		
131_3	-5.161	 65	1 102.404	471.919	 157	1.488	0.401	13.542	18.703	True		
131_4	-5.280	 58	785.273	498.213	 158	1.488	0.378	13.484	18.764	True		
131_5	-5.090	 62	681.798	563.633	 156	1.488	0.540	13.666	18.756	True		
131_6	-4.174	 30	878.371	640.733	 156	1.489	1.503	14.698	18.872	True		
132	-4.976	 57	860.396	356.798	 155	1.487	0.509	13.741	18.717	True		
132_1	-5.064	 53	800.549	402.220	 157	1.487	0.441	13.702	18.766	True		
132_2	-4.805	 49	740.173	490.803	 154	1.488	0.692	13.946	18.751	True		
132_3	-5.033	 60	1 080.965	535.922	 156	1.488	0.433	13.714	18.747	True		
133	-5.009	 59	1 045.605	199.544	 154	1.485	0.380	13.715	18.724	True		
133_1	-4.791	 50	1 083.618	372.605	 155	1.487	0.604	13.985	18.776	True		
133_2	-5.017	 52	811.760	520.806	 156	1.488	0.382	13.694	18.711	True		
133_3	-4.093	 28	945.721	666.589	 153	1.489	1.489	14.825	18.918	True		
134	-4.818	 51	603.890	326.523	 154	1.486	0.428	13.890	18.708	True		
134_1	-3.861	 23	1 044.944	497.025	 155	1.488	1.487	14.927	18.788	True		
134_2	-4.845	 50	827.576	520.509	 155	1.488	0.398	13.882	18.727	True		
134_3	-3.849	 22	635.254	537.663	 155	1.488	1.526	14.973	18.822	True		
135	-3.798	 22	896.691	219.046	 153	1.485	1.519	15.042	18.840	True		
135_1	-4.629	 44	1 097.978	265.649	 153	1.486	0.600	14.117	18.746	True		
135_2	-4.127	 28	613.612	273.509	 155	1.486	1.149	14.712	18.839	True		
135_3	-3.640	 19	1 099.195	303.214	 155	1.486	1.557	15.141	18.781	True		
135_4	-4.465	 38	621.808	512.104	 154	1.488	0.816	14.358	18.823	True		
135_5	-4.730	 47	676.462	573.984	 157	1.488	0.463	13.971	18.701	True		
135_6	-4.695	 46	620.217	797.341	 153	1.490	0.465	14.047	18.742	True		
136	-4.639	 41	685.999	347.610	 154	1.486	0.395	14.071	18.710	True		
136_1	-4.386	 36	711.933	441.734	 155	1.487	0.745	14.366	18.752	True		
136_2	-4.732	 47	809.655	547.494	 155	1.488	0.412	14.075	18.807	True		
136_3	-3.859	 22	602.646	745.204	 153	1.490	1.367	15.050	18.909	True		
137	-3.570	 16	791.899	390.150	 155	1.487	1.487	15.235	18.805	True		
137_1	-4.491	 37	782.433	429.819	 155	1.487	0.453	14.207	18.698	True		
137_2	-3.724	 19	931.659	620.125	 154	1.489	1.383	15.104	18.828	True		
139	-4.290	 30	703.362	340.955	 154	1.486	0.456	14.452	18.742	True		
139_1	-4.373	 34	1 055.265	409.264	 156	1.487	0.391	14.340	18.713	True		
140	-4.188	 31	776.835	453.479	 156	1.487	0.417	14.500	18.688	True		
141	-4.226	 29	558.686	383.036	 155	1.487	0.364	14.503	18.729	True		
141_1	-3.205	 13	1 023.375	464.047	 155	1.488	1.282	15.473	18.678	True		
141_2	-3.910	 23	859.492	654.991	 153	1.489	0.806	14.942	18.852	True		
142	-4.004	 25	552.354	451.723	 154	1.487	0.511	14.773	18.777	True		
142_1	-3.975	 24	809.598	579.795	 154	1.489	0.526	14.772	18.747	True		
143	-3.495	 16	989.623	312.701	 154	1.486	0.966	15.356	18.851	True		
143_1	-3.790	 21	822.926	562.547	 157	1.488	0.425	14.819	18.609	True		
143_2	-3.609	 17	676.256	708.319	 155	1.490	0.716	15.112	18.721	True		
143_3	-2.955	 10	991.370	716.695	 156	1.490	1.439	15.759	18.714	True		
144	-3.542	 16	982.541	289.802	 154	1.486	0.729	15.167	18.709	True		
144_1	-3.918	 23	1 064.686	633.890	 156	1.489	0.440	14.858	18.776	True		
144_2	-3.710	 20	1 031.520	753.427	 154	1.490	0.579	15.055	18.765	True		
145	-4.298	 33	672.953	655.959	 154	1.489	0.610	15.077	19.375	True		
145_1	-3.243	 13	816.930	399.802	 156	1.487	0.777	15.345	18.588	True		
145_2	-3.183	 12	950.817	408.476	 153	1.487	1.213	15.720	18.903	True		
145_3	-3.664	 19	905.972	433.375	 155	1.487	0.442	15.022	18.686	True		
145_4	-3.702	 20	599.510	473.409	 155	1.487	0.470	15.004	18.706	True		
145_5	-2.309	 5	798.662	514.609	 156	1.488	1.496	16.082	18.391	True		
145_6	-3.657	 19	857.227	522.637	 157	1.488	0.479	15.004	18.661	True		
145_7	-3.652	 20	670.360	607.655	 156	1.489	0.552	15.066	18.718	True		
146	-3.028	 10	563.487	407.988	 156	1.487	0.805	15.473	18.501	True		
146_1	-2.656	 7	748.489	410.656	 155	1.487	1.434	16.056	18.712	True		
146_2	-3.668	 17	801.702	413.663	 156	1.487	0.435	15.078	18.746	True		
146_3	-3.032	 10	973.950	432.443	 157	1.487	0.973	15.620	18.652	True		
146_4	-3.802	 18	812.724	502.222	 156	1.488	0.439	15.043	18.845	True		
146_5	-2.859	 9	641.022	652.639	 154	1.489	1.324	15.969	18.828	True		
147	-2.782	 9	733.680	398.219	 154	1.487	1.294	16.048	18.830	True		
147_1	-3.466	 15	990.428	434.604	 154	1.487	0.530	15.269	18.735	True		
147_2	-2.929	 9	819.193	457.107	 157	1.487	0.839	15.568	18.497	True		
147_3	-3.571	 17	840.659	542.744	 156	1.488	0.460	15.179	18.750	True		
147_4	-2.402	 6	736.112	770.897	 154	1.490	1.626	16.384	18.786	True		
148	-3.093	 9	700.160	349.150	 156	1.486	0.707	15.544	18.637	True		
148_1	-3.152	 11	659.798	544.426	 154	1.488	0.722	15.617	18.769	True		
148_2	-3.151	 12	1 050.703	580.131	 156	1.489	0.831	15.655	18.806	True		
148_3	-3.308	 14	834.357	718.547	 154	1.490	0.498	15.352	18.660	True		
149	-3.479	 16	705.556	300.542	 153	1.486	0.435	15.341	18.820	True		
149_1	-3.363	 14	981.882	314.366	 153	1.486	0.565	15.508	18.871	True		
149_2	-2.705	 8	915.432	493.468	 154	1.488	1.570	16.568	19.273	True		
149_3	-3.167	 12	553.832	535.849	 157	1.488	0.485	15.428	18.595	True		
149_4	-3.427	 16	1 087.118	699.352	 153	1.490	0.544	15.484	18.911	True		
150	-2.861	 9	542.750	281.879	 154	1.486	0.903	15.974	18.835	True		
150_1	-2.951	 10	605.423	382.172	 154	1.487	0.747	15.798	18.749	True		
150_2	-1.740	 3	976.157	419.058	 156	1.487	1.477	16.501	18.241	True		
150_3	-2.987	 10	549.045	437.353	 156	1.487	0.617	15.686	18.673	True		
150_4	-3.130	 11	891.587	464.043	 156	1.488	0.483	15.577	18.707	True		
151	-3.025	 11	962.187	257.163	 153	1.486	0.778	15.918	18.943	True		
151_1	-0.678	 1	776.143	413.516	 157	1.487	1.611	16.748	17.426	True		
151_2	-2.800	 8	687.729	430.511	 155	1.487	0.502	15.691	18.491	True		
151_3	-2.684	 8	596.506	598.079	 155	1.488	0.862	16.045	18.729	True		
151_4	-2.666	 7	743.091	753.545	 155	1.490	1.079	16.204	18.870	True		
152	-2.927	 10	904.881	348.098	 154	1.487	0.584	15.858	18.785	True		
152_1	-2.749	 7	694.073	358.401	 154	1.486	0.860	16.080	18.829	True		
152_2	-2.892	 10	885.723	376.093	 157	1.487	0.476	15.725	18.617	True		
152_3	-2.968	 10	846.583	435.799	 155	1.487	0.485	15.718	18.686	True		
152_4	-2.597	 7	632.867	551.401	 155	1.488	0.828	16.059	18.656	True		
152_5	-2.675	 8	773.880	558.987	 155	1.488	0.864	16.104	18.779	True		
152_6	-2.831	 9	980.503	571.994	 157	1.489	0.561	15.825	18.656	True		
152_7	-2.597	 7	872.619	575.371	 156	1.489	0.608	15.890	18.487	True		
152_8	-2.850	 9	989.672	695.445	 155	1.490	0.513	15.794	18.644	True		
153	-1.814	 4	570.126	296.775	 154	1.486	1.459	16.819	18.633	True		
153_1	-2.749	 8	546.505	374.290	 154	1.486	1.146	16.450	19.199	True		
153_2	-2.585	 7	642.961	416.500	 155	1.487	0.825	16.182	18.767	True		
153_3	-2.317	 6	649.298	450.031	 155	1.487	0.806	16.191	18.508	True		
153_4	-1.772	 3	911.606	574.338	 155	1.489	1.690	17.077	18.849	True		
153_5	-0.806	 1	909.709	679.882	 155	1.489	1.930	17.276	18.082	True		
153_6	-3.022	 10	1 059.491	726.007	 154	1.490	0.512	15.817	18.839	True		
154	-2.854	 9	1 017.354	536.851	 155	1.488	0.522	15.996	18.850	True		
154_1	-2.782	 8	839.046	614.458	 155	1.489	0.690	16.100	18.882	True		
154_2	-2.600	 7	643.558	693.908	 155	1.489	0.972	16.409	19.009	True		
