Primary target: NGC 7790
Exposure time: 120 s
Filter: R
Observation date/time: 2015-09-01 07:09:47
JD: 2457266.79846
Decimal date: 2015-09-01.29846
R.A.: 23:58:27.67
Dec.: 61:14:38.45
Airmass: 1.0861
Calibration: BDF
Apeture radius: 6 pixels
File name: 635772429015720000.fts




Star	IM	SNR	X	Y	Sky	Air	B-V	R-mag	Target estimate	Active		
117	-7.971	 444	497.393	263.416	1 397	1.085	0.216	11.555	19.526	True		
117_1	-8.511	 638	1 112.176	727.802	1 404	1.084	1.416	10.950	19.461	True		
119	-7.819	 427	1 199.669	131.987	1 395	1.084	0.419	11.667	19.486	True		
121	-7.638	 369	923.490	445.264	1 402	1.084	0.405	11.847	19.485	True		
124	-7.439	 314	1 102.098	355.868	1 401	1.084	0.689	12.031	19.470	True		
124_1	-7.320	 294	931.452	347.971	1 399	1.084	0.537	12.175	19.495	True		
125_1	-7.808	 424	1 005.897	811.089	1 396	1.084	1.742	11.651	19.459	True		
126	-7.130	 241	977.146	422.243	1 400	1.084	0.446	12.363	19.493	True		
127_2	-6.977	 224	1 135.976	695.052	1 402	1.084	0.455	12.497	19.474	True		
128	-7.145	 245	1 042.991	805.140	1 396	1.084	0.806	12.323	19.468	True		
129	-7.235	 274	625.307	657.070	1 387	1.085	1.301	12.217	19.452	True		
130	-6.772	 156	996.388	269.117	1 394	1.084	0.663	12.702	19.474	True		
131	-6.581	 149	871.246	643.090	1 394	1.085	0.495	12.892	19.473	True		
131_1	-6.870	 214	1 021.087	926.638	1 398	1.084	0.785	12.595	19.465	True		
131_2	-7.054	 240	934.215	418.190	1 402	1.084	1.223	12.406	19.460	True		
131_3	-6.616	 152	1 175.200	507.098	1 396	1.084	0.401	12.890	19.506	True		
131_6	-7.090	 243	952.262	675.178	1 397	1.084	1.503	12.371	19.461	True		
132_2	-6.633	 150	814.492	526.109	1 401	1.085	0.692	12.833	19.466	True		
132_3	-6.469	 148	1 154.072	570.917	1 395	1.084	0.433	13.041	19.510	True		
133	-6.358	 141	1 118.195	235.948	1 400	1.084	0.380	13.069	19.427	True		
133_1	-6.476	 155	1 156.624	408.118	1 398	1.084	0.604	13.018	19.494	True		
133_3	-6.927	 221	1 019.069	700.953	1 395	1.084	1.489	12.531	19.458	True		
134	-6.252	 132	678.962	362.252	1 394	1.085	0.428	13.224	19.476	True		
134_1	-6.842	 200	1 118.114	532.011	1 394	1.084	1.487	12.617	19.459	True		
134_3	-6.849	 196	710.077	572.822	1 398	1.085	1.526	12.604	19.453	True		
135	-6.778	 199	969.536	255.016	1 394	1.084	1.519	12.680	19.458	True		
135_1	-6.338	 134	1 170.711	301.201	1 402	1.084	0.600	13.158	19.496	True		
135_2	-6.588	 152	688.364	309.353	1 393	1.085	1.149	12.877	19.465	True		
135_3	-6.772	 199	1 171.991	338.895	1 399	1.084	1.557	12.716	19.488	True		
135_4	-6.320	 129	696.909	547.181	1 394	1.085	0.816	13.152	19.472	True		
135_6	-6.144	 115	695.278	831.160	1 393	1.085	0.465	13.317	19.461	True		
136_1	-6.323	 123	786.443	477.068	1 395	1.085	0.745	13.173	19.496	True		
136_3	-6.648	 167	677.404	779.232	1 394	1.085	1.367	12.819	19.467	True		
137_2	-6.522	 154	1 005.604	654.188	1 392	1.084	1.383	12.945	19.467	True		
139_1	-5.789	 79	1 128.226	444.374	1 394	1.084	0.391	13.698	19.487	True		
140	-5.647	 67	851.024	488.959	1 398	1.085	0.417	13.822	19.469	True		
141_1	-5.986	 99	1 096.811	498.504	1 396	1.084	1.282	13.462	19.448	True		
141_2	-5.835	 81	933.590	689.433	1 400	1.085	0.806	13.666	19.501	True		
142	-5.505	 62	627.299	487.164	1 393	1.085	0.511	13.969	19.474	True		
142_1	-5.548	 58	883.852	614.557	1 402	1.085	0.526	13.899	19.447	True		
143_2	-5.499	 64	751.303	742.199	1 395	1.085	0.716	13.961	19.460	True		
143_3	-6.054	 94	1 064.812	750.279	1 397	1.084	1.439	13.402	19.456	True		
144	-5.454	 63	1 055.799	325.182	1 396	1.084	0.729	14.005	19.459	True		
144_1	-5.363	 56	1 138.312	668.351	1 396	1.084	0.440	14.164	19.527	True		
144_2	-5.379	 62	1 104.758	787.249	1 394	1.084	0.579	14.114	19.493	True		
145_2	-5.624	 72	1 024.597	444.065	1 398	1.084	1.213	13.820	19.444	True		
145_4	-5.218	 54	674.655	508.861	1 391	1.085	0.470	14.233	19.451	True		
145_6	-5.291	 53	930.973	557.327	1 392	1.084	0.479	14.219	19.510	True		
145_7	-5.291	 58	745.123	642.588	1 391	1.085	0.552	14.196	19.487	True		
146_5	-5.543	 60	715.271	686.914	1 396	1.085	1.324	13.906	19.449	True		
147_3	-5.022	 34	914.758	577.334	1 400	1.084	0.460	14.428	19.450	True		
148_1	-5.038	 40	734.434	579.399	1 394	1.085	0.722	14.451	19.489	True		
148_2	-5.129	 45	1 124.198	614.956	1 398	1.084	0.831	14.319	19.448	True		
148_3	-4.956	 40	908.034	753.301	1 394	1.085	0.498	14.545	19.501	True		
149_2	-5.380	 56	988.396	528.245	1 395	1.084	1.570	14.079	19.459	True		
149_4	-4.845	 36	1 160.288	733.381	1 397	1.084	0.544	14.626	19.471	True		
150	-4.908	 35	617.923	317.007	1 392	1.085	0.903	14.540	19.448	True		
150_1	-4.880	 38	680.403	417.846	1 391	1.085	0.747	14.594	19.474	True		
151	-4.795	 37	1 035.319	292.578	1 394	1.084	0.778	14.678	19.473	True		
151_3	-4.767	 35	671.014	633.023	1 394	1.085	0.862	14.681	19.448	True		
152_5	-4.776	 32	847.744	593.230	1 393	1.085	0.864	14.715	19.491	True		
153	-4.914	 39	645.175	332.190	1 393	1.085	1.459	14.521	19.435	True		
153_3	-4.611	 30	724.635	484.804	1 387	1.085	0.806	14.894	19.505	True		
153_4	-5.084	 42	984.866	609.429	1 398	1.084	1.690	14.409	19.493	True		
153_5	-5.203	 49	983.611	714.101	1 396	1.084	1.930	14.232	19.435	True		
155_2	-4.826	 36	637.883	593.423	1 386	1.085	1.538	14.696	19.522	True		
156_4	-4.615	 31	892.372	781.375	1 395	1.085	1.467	14.782	19.397	True		
