Primary target: NGC 7790
Exposure time: 120 s
Filter: I
Observation date/time: 2015-08-25 03:36:04
JD: 2457259.65005
Decimal date: 2015-08-25.15005
R.A.: 23:58:33.91
Dec.: 61:13:15.11
Airmass: 1.4488
Calibration: BDF
Apeture radius: 5 pixels
File name: 635764995713153984.fts




Star	IM	SNR	X	Y	Sky	Air	B-V	I-mag	Target estimate	Active		
110	-8.122	 667	443.678	533.211	 316	1.446	0.457	10.453	18.575	True		
112	-8.197	 702	1 297.634	171.716	 316	1.443	0.739	10.380	18.577	True		
117	-7.219	 410	424.027	222.663	 314	1.443	0.216	11.392	18.611	True		
117_1	-8.312	 751	1 040.554	688.324	 313	1.447	1.416	10.223	18.535	True		
119	-7.245	 424	1 128.524	90.899	 311	1.443	0.419	11.323	18.568	True		
121	-7.040	 354	851.568	405.136	 312	1.445	0.405	11.527	18.567	True		
122	-7.011	 339	455.979	134.351	 312	1.443	0.557	11.557	18.568	True		
124	-6.963	 355	1 030.637	315.316	 313	1.444	0.689	11.598	18.561	True		
124_1	-6.729	 314	859.590	307.363	 312	1.444	0.537	11.849	18.578	True		
125	-6.817	 315	1 082.490	210.140	 311	1.443	0.698	11.761	18.578	True		
125_1	-7.748	 561	933.712	772.036	 314	1.448	1.742	10.775	18.523	True		
126	-6.510	 256	905.404	382.085	 310	1.445	0.446	12.056	18.566	True		
126_1	-6.484	 180	827.986	472.969	 310	1.446	0.378	12.120	18.604	True		
127	-7.177	 394	925.573	254.338	 311	1.444	1.351	11.364	18.541	True		
127_1	-6.362	 226	808.837	441.190	 315	1.445	0.388	12.214	18.576	True		
127_2	-6.391	 242	1 064.262	655.756	 311	1.447	0.455	12.157	18.548	True		
128	-6.738	 308	970.897	766.094	 312	1.448	0.806	11.811	18.549	True		
128_1	-8.462	 762	797.463	345.246	 321	1.444	2.061	10.076	18.538	True		
129	-7.043	 377	552.085	617.519	 309	1.447	1.301	11.507	18.550	True		
130	-6.250	 202	924.608	228.478	 313	1.444	0.663	12.308	18.558	True		
130_1	-6.089	 143	794.072	478.443	 314	1.446	0.391	12.488	18.577	True		
131	-5.991	 175	798.857	603.580	 310	1.447	0.495	12.549	18.540	True		
131_1	-6.415	 258	948.947	887.762	 313	1.449	0.785	12.115	18.530	True		
131_2	-6.821	 318	862.142	377.953	 312	1.445	1.223	11.724	18.545	True		
131_3	-5.988	 175	1 103.896	467.161	 312	1.446	0.401	12.587	18.575	True		
131_4	-6.114	 158	786.751	493.274	 314	1.446	0.378	12.557	18.671	True		
131_5	-6.095	 197	683.803	558.598	 311	1.446	0.540	12.457	18.552	True		
131_6	-6.946	 346	880.068	635.769	 313	1.447	1.503	11.578	18.524	True		
132	-5.974	 173	861.795	352.052	 315	1.445	0.509	12.582	18.556	True		
132_1	-5.996	 134	802.475	397.692	 313	1.445	0.441	12.634	18.630	True		
132_2	-6.158	 189	742.038	486.051	 312	1.446	0.692	12.388	18.546	True		
132_3	-5.814	 162	1 082.671	531.064	 311	1.446	0.433	12.741	18.555	True		
133	-5.750	 147	1 046.881	195.118	 311	1.443	0.380	12.788	18.538	True		
133_1	-5.943	 182	1 085.081	367.951	 312	1.445	0.604	12.636	18.579	True		
133_2	-5.806	 119	813.384	516.058	 309	1.446	0.382	12.766	18.572	True		
133_3	-6.742	 314	947.033	661.561	 312	1.447	1.489	11.772	18.514	True		
134	-5.632	 146	605.991	321.826	 308	1.444	0.428	12.949	18.581	True		
134_1	-6.711	 298	1 046.612	492.066	 311	1.446	1.487	11.824	18.535	True		
134_2	-5.625	 125	829.361	515.851	 312	1.446	0.398	12.909	18.534	True		
134_3	-6.727	 302	637.104	532.812	 315	1.446	1.526	11.784	18.511	True		
135	-6.659	 294	897.835	214.164	 310	1.443	1.519	11.877	18.536	True		
135_1	-5.804	 161	1 099.272	260.736	 310	1.444	0.600	12.770	18.574	True		
135_2	-6.228	 218	615.656	268.640	 309	1.444	1.149	12.328	18.556	True		
135_3	-6.678	 297	1 100.749	298.312	 312	1.444	1.557	11.884	18.562	True		
135_4	-5.782	 160	623.882	507.221	 309	1.446	0.816	12.779	18.561	True		
135_5	-5.715	 152	678.319	568.892	 309	1.446	0.463	12.826	18.541	True		
135_6	-5.531	 133	622.125	792.007	 311	1.448	0.465	12.984	18.515	True		
136	-5.406	 111	688.059	342.854	 310	1.444	0.395	13.131	18.537	True		
136_1	-5.846	 166	714.047	437.004	 311	1.445	0.745	12.705	18.551	True		
136_2	-5.596	 125	811.602	542.827	 311	1.446	0.412	13.062	18.658	True		
136_3	-6.502	 269	604.246	739.974	 310	1.448	1.367	12.035	18.537	True		
137	-6.325	 181	793.796	384.797	 315	1.445	1.487	12.214	18.539	True		
137_1	-5.464	 104	784.195	424.788	 316	1.445	0.453	13.112	18.576	True		
137_2	-6.325	 237	933.317	614.788	 312	1.447	1.383	12.192	18.517	True		
139	-5.225	 92	705.000	336.750	 313	1.444	0.456	13.363	18.588	True		
139_1	-5.131	 97	1 056.795	404.300	 313	1.445	0.391	13.422	18.553	True		
140	-5.041	 81	778.496	448.857	 315	1.445	0.417	13.511	18.552	True		
141	-4.902	 74	560.636	378.384	 313	1.445	0.364	13.627	18.529	True		
141_1	-5.782	 153	1 025.053	458.767	 310	1.445	1.282	12.771	18.553	True		
141_2	-5.358	 114	861.089	650.162	 312	1.447	0.806	13.187	18.545	True		
142	-4.934	 79	554.182	446.977	 311	1.445	0.511	13.623	18.557	True		
142_1	-5.037	 78	811.271	575.086	 313	1.446	0.526	13.505	18.542	True		
143	-5.209	 102	991.753	307.473	 309	1.444	0.966	13.346	18.555	True		
143_1	-4.707	 53	824.825	557.951	 315	1.446	0.425	13.819	18.526	True		
143_2	-5.067	 89	678.541	702.921	 308	1.447	0.716	13.507	18.574	True		
143_3	-6.026	 177	992.814	710.860	 312	1.448	1.439	12.530	18.556	True		
144	-5.011	 90	984.032	284.814	 310	1.444	0.729	13.550	18.561	True		
144_1	-4.750	 67	1 066.492	629.211	 308	1.447	0.440	13.847	18.597	True		
144_2	-4.883	 81	1 032.842	748.472	 309	1.448	0.579	13.689	18.572	True		
145	-5.585	 136	674.760	650.997	 311	1.447	0.610	13.626	19.211	True		
145_1	-4.925	 63	818.392	394.691	 313	1.445	0.777	13.623	18.548	True		
145_2	-5.375	 118	952.726	403.693	 310	1.445	1.213	13.163	18.538	True		
145_3	-4.591	 56	907.591	428.611	 311	1.445	0.442	13.961	18.552	True		
145_4	-4.689	 72	601.830	468.515	 311	1.445	0.470	13.873	18.562	True		
145_5	-5.682	 126	800.228	510.059	 314	1.446	1.496	12.863	18.545	True		
145_6	-4.711	 69	858.697	517.777	 314	1.446	0.479	13.857	18.568	True		
145_7	-4.730	 77	672.341	602.740	 311	1.446	0.552	13.807	18.537	True		
146	-4.850	 71	565.582	403.120	 309	1.445	0.805	13.703	18.553	True		
146_1	-5.514	 114	749.877	405.473	 312	1.445	1.434	13.027	18.541	True		
146_2	-4.511	 52	803.973	408.474	 315	1.445	0.435	14.051	18.562	True		
146_3	-5.023	 86	975.394	427.672	 311	1.445	0.973	13.528	18.551	True		
146_4	-4.617	 45	814.232	497.879	 314	1.446	0.439	13.984	18.601	True		
146_5	-5.356	 109	642.511	647.213	 309	1.447	1.324	13.199	18.555	True		
147	-5.217	 97	735.153	393.543	 309	1.445	1.294	13.318	18.535	True		
147_1	-4.483	 54	992.076	429.776	 311	1.445	0.530	14.097	18.580	True		
147_2	-4.822	 49	820.672	452.207	 313	1.445	0.839	13.719	18.541	True		
147_3	-4.458	 49	842.292	537.674	 312	1.446	0.460	14.082	18.540	True		
147_4	-5.508	 110	737.935	765.856	 312	1.448	1.626	13.002	18.510	True		
148	-4.732	 58	701.800	344.088	 310	1.444	0.707	13.892	18.624	True		
148_1	-4.590	 57	661.561	539.847	 309	1.446	0.722	13.968	18.558	True		
148_2	-4.764	 72	1 052.627	575.114	 309	1.446	0.831	13.807	18.571	True		
148_3	-4.407	 52	835.711	713.601	 307	1.447	0.498	14.177	18.584	True		
149	-4.303	 47	706.909	295.802	 310	1.444	0.435	14.287	18.590	True		
149_1	-4.395	 52	983.586	309.155	 311	1.444	0.565	14.173	18.568	True		
149_2	-5.337	 113	916.457	487.889	 312	1.446	1.570	13.190	18.527	True		
149_3	-4.340	 48	555.762	531.098	 310	1.446	0.485	14.277	18.617	True		
149_4	-4.272	 51	1 088.540	694.368	 311	1.447	0.544	14.251	18.523	True		
150	-4.543	 60	544.575	276.699	 308	1.444	0.903	14.014	18.557	True		
150_1	-4.445	 56	607.690	377.300	 309	1.445	0.747	14.103	18.548	True		
150_2	-5.157	 89	976.996	414.470	 313	1.445	1.477	13.368	18.525	True		
150_3	-4.278	 47	551.217	431.994	 312	1.445	0.617	14.257	18.535	True		
150_4	-4.009	 34	892.803	458.933	 314	1.445	0.483	14.450	18.459	True		
151	-4.399	 55	964.448	252.100	 310	1.444	0.778	14.189	18.588	True		
151_1	-5.171	 51	777.907	407.929	 311	1.445	1.611	13.397	18.568	True		
151_2	-4.001	 33	689.949	425.669	 312	1.445	0.502	14.521	18.522	True		
151_3	-4.378	 51	597.911	593.121	 308	1.446	0.862	14.183	18.561	True		
151_4	-4.577	 51	744.170	748.099	 315	1.448	1.079	13.928	18.505	True		
152	-4.003	 37	906.987	343.378	 311	1.444	0.584	14.547	18.550	True		
152_1	-4.386	 43	694.880	353.162	 312	1.444	0.860	14.122	18.508	True		
152_2	-3.917	 31	887.494	371.186	 313	1.445	0.476	14.623	18.540	True		
152_3	-3.941	 34	848.080	430.746	 314	1.445	0.485	14.570	18.511	True		
152_4	-4.411	 52	635.017	546.371	 308	1.446	0.828	14.200	18.611	True		
152_5	-4.370	 49	775.133	553.661	 313	1.446	0.864	14.182	18.552	True		
152_6	-4.039	 38	982.337	567.104	 311	1.446	0.561	14.511	18.550	True		
152_7	-4.113	 41	874.590	570.523	 310	1.446	0.608	14.475	18.588	True		
152_8	-3.898	 32	991.222	690.763	 310	1.447	0.513	14.645	18.543	True		
153	-4.812	 75	572.097	291.660	 307	1.444	1.459	13.694	18.506	True		
153_1	-4.770	 71	547.850	368.997	 308	1.445	1.146	13.759	18.529	True		
153_2	-4.196	 45	644.451	411.459	 310	1.445	0.825	14.325	18.521	True		
153_3	-4.167	 44	651.574	444.681	 310	1.445	0.806	14.387	18.554	True		
153_4	-5.054	 82	912.723	569.967	 315	1.446	1.690	13.470	18.524	True		
153_5	-5.353	 116	911.212	674.852	 310	1.447	1.930	13.193	18.546	True		
153_6	-3.892	 34	1 061.118	720.960	 308	1.448	0.512	14.676	18.568	True		
154	-3.820	 33	1 019.327	531.433	 309	1.446	0.522	14.763	18.583	True		
154_1	-4.172	 41	840.114	608.984	 308	1.447	0.690	14.408	18.580	True		
154_2	-4.804	 61	1 024.609	687.870	 311	1.447	1.531	13.722	18.526	True		
154_3	-4.273	 47	644.815	688.690	 308	1.447	0.972	14.306	18.579	True		
155	-4.202	 46	722.916	257.248	 308	1.444	0.945	14.334	18.536	True		
155_1	-4.756	 70	772.348	270.687	 311	1.444	1.466	13.762	18.518	True		
155_2	-3.589	 25	935.609	365.224	 312	1.445	0.531	14.869	18.458	True		
155_3	-4.639	 67	564.695	553.580	 310	1.446	1.538	13.867	18.506	True		
155_4	-3.665	 28	724.928	648.540	 310	1.447	0.519	14.926	18.591	True		
155_5	-3.745	 27	967.909	777.570	 312	1.448	0.553	14.869	18.614	True		
156	-4.882	 77	780.871	254.202	 313	1.444	1.802	13.610	18.492	True		
156_1	-3.996	 31	623.607	259.283	 309	1.444	0.843	14.553	18.549	True		
156_2	-3.941	 36	1 051.160	326.164	 312	1.444	0.859	14.576	18.517	True		
156_3	-3.970	 35	982.788	339.191	 308	1.444	0.830	14.602	18.572	True		
156_4	-3.572	 24	1 023.049	350.307	 313	1.445	0.614	14.916	18.488	True		
156_5	-3.550	 21	660.926	373.875	 310	1.445	0.542	14.963	18.513	True		
156_6	-3.722	 25	845.239	501.384	 311	1.446	0.555	14.908	18.630	True		
156_7	-3.628	 29	887.591	601.043	 309	1.447	0.545	14.911	18.539	True		
156_8	-4.946	 75	857.310	671.935	 311	1.447	1.870	13.564	18.510	True		
156_9	-4.635	 66	819.716	742.025	 309	1.448	1.467	13.899	18.534	True		
157	-3.847	 29	659.616	268.637	 310	1.444	0.873	14.628	18.475	True		
157_1	-4.333	 50	573.883	335.465	 311	1.444	1.433	14.119	18.452	True		
157_10	-3.759	 31	830.180	648.361	 309	1.447	0.709	14.779	18.538	True		
157_11	-4.289	 43	754.263	771.756	 312	1.448	1.402	14.239	18.528	True		
157_2	-3.686	 29	665.244	393.497	 310	1.445	0.742	14.869	18.555	True		
157_3	-4.418	 50	862.657	490.785	 311	1.446	1.413	14.094	18.512	True		
157_4	-3.783	 29	930.810	503.956	 313	1.446	0.803	14.734	18.517	True		
157_5	-4.032	 29	793.507	516.464	 314	1.446	0.957	14.518	18.550	True		
157_6	-3.538	 22	752.759	543.350	 312	1.446	0.566	15.048	18.586	True		
157_7	-3.584	 24	634.970	602.649	 311	1.446	0.722	14.841	18.425	True		
157_8	-3.839	 33	854.639	629.589	 313	1.447	0.999	14.631	18.470	True		
157_9	-3.803	 27	560.342	639.724	 310	1.447	0.869	14.746	18.549	True		
158	-3.867	 31	887.429	324.498	 311	1.444	1.074	14.604	18.471	True		
158_1	-3.654	 25	840.818	435.708	 313	1.445	0.711	14.875	18.529	True		
158_2	-3.435	 23	601.100	491.509	 313	1.446	0.623	15.056	18.491	True		
158_3	-3.390	 21	954.106	529.279	 313	1.446	0.541	15.100	18.490	True		
158_4	-4.501	 60	688.698	623.896	 309	1.447	1.558	14.036	18.537	True		
158_5	-3.909	 36	1 029.436	630.874	 308	1.447	0.954	14.670	18.579	True		
158_6	-3.811	 31	741.835	635.227	 311	1.447	0.888	14.724	18.535	True		
158_7	-4.000	 34	950.205	682.965	 311	1.447	1.211	14.525	18.525	True		
159	-4.675	 66	956.855	279.528	 312	1.444	1.811	13.813	18.488	True		
159_1	-3.409	 20	691.333	369.943	 311	1.445	0.771	15.038	18.447	True		
159_2	-3.761	 27	1 104.289	453.067	 308	1.445	0.912	14.846	18.607	True		
159_3	-3.514	 23	754.881	455.410	 313	1.445	0.776	14.966	18.480	True		
159_4	-3.615	 24	916.999	557.373	 312	1.446	0.730	15.015	18.630	True		
159_5	-3.608	 22	935.364	574.673	 313	1.446	0.831	14.837	18.445	True		
159_6	-3.458	 23	857.182	587.885	 313	1.446	0.715	14.991	18.449	True		
159_7	-3.306	 20	761.572	597.841	 311	1.446	0.566	15.172	18.478	True		
159_8	-3.772	 32	847.347	772.805	 313	1.448	0.994	14.725	18.497	True		
